2311102064
2311102065
2311102066
2311102067
2311102068
2311102069
2311102070
2311102071
2311102072
2311102074
2311102079
2311102080
2311102081
2311102082
2311102083
2311102084
2311102085
2311102086
2311102087
2311102088
2311103001
2311103002
2311103003
2311103004
2311103005
2311103006
2311103007
2311103008
2311103011
2311103012
2311103013
2311103014
2311103016
2311103017
2311103019
2311103022
2311103023
2311103025
2311103026
2311103027
2311103029
2311103030
2311103031
2311103032
2311103033
2311103034
2311103035
2311103036
2311103037
2311103039
2311103040
2311103041
2311103042
2311103043
2311103044
2311103045
2311103046
2311103047
2311103048
2311103049
2311103051
2311103052
2311103053
2311103054
2311103055
2311103057
2311103058
2311103059
2311103061
2311103062
2311103063
2311103064
2311103065
2311103066
2311103067
2311103068
2311103069
2311103070
2311104001
2311104002
2311104003
2311104004
2311104005
2311104006
2311104007
2311104008
2311104009
2311104010
2311104011
2311104012
2311104013
2311104014
2311104015
2311104016
2311104017
2311104019
2311104020
2311104022
2311104023
2311104024
2311104024
2311104028
2311104029
2311104030
2311104031
2311104032
2311104033
2311104034
2311104035
2311104036
2311104037
2311104038
2311104040
2311104041
2311104043
2311104044
2311104046
2311104047
2311104048
2311104048
2311104050
2311104051
2311104052
2311104054
2311104055
2311104056
2311105002
2311105003
2311105005
2311105006
2311105007
2311105008
2311105009
2311105010
2311106001
2311106003
2311106004
2311106005
2311106006
2311106007
2311106008
2311106009
2311106011
2311106013
2311106014
2311106015
2311106016
2311106017
2311106019
2311106020
2314567894
2318903104
2320101129
2320101130
2320101131
2320101133
2320101134
2320101135
2320101136
2320101137
2320101138
2320101139
2320101140
2320101141
2320101142
2320101143
2320101144
2320101145
2320101146
2320101147
2320101148
2320101149
2320101150
2320101151
2320101152
2320101154
2320101155
2320101156
2320101157
2320101158
2320102130
2320102131
2320102132
2320102133
2320102134
2320102135
2320102136
2320102137
2320102138
2320102139
2320102140
2320102141
2320102142
2320102143
2320102144
2320102145
2320102147
2320102148
2320102149
2320102150
2320102151
2320102152
2320102153
2320102154
2320102155
2320102156
2320102157
2320102158
2320102159
2320102160
2320102162
2320102163
2320102164
2320102165
2320102166
2320102168
2320102169
2320102170
2320102171
2320102173
2320102175
2320102176
2320102177
2320102178
2320102179
2320102210
2320103056
2320103057
2320103058
2320103059
2320103060
2320103061
2320103062
2320103063
2320103065
2320103066
2320103067
2320103068
2320103069
2320103070
2320103071
2320103072
2320103073
2320103074
2320103075
2320107077
2320201110
2320201111
2320201112
2320201113
2320201116
2320201118
2320201119
2320201120
2320201121
2320201122
2320201124
2320201125
2320201126
2320201127
2320201128
2320201130
2320201131
2320201132
2320201133
2320204072
2320204073
2320204074
2320204075
2320204076
2320204077
2320204078
2320204080
2320204081
2320204082
2320204083
2320204084
2320204085
2320204086
2320204087
2320204088
2320204089
2320204090
2320204091
2320204092
2320204093
2320204094
2320204095
2320204096
2320204098
2320204099
2320204100
2320204101
2320204102
2320204103
2320204104
2320204105
2320204106
2320204108
2320205116
2320205117
2320205118
2320205119
2320205120
2320205121
2320205123
2320205124
2320205126
2320205127
2320205128
2320205129
2320205130
2320205131
2320205132
2320205133
2320205134
2320205135
2320205136
2320205137
2320205138
2320205139
2320205140
2320205141
2320205142
2320301031
2320301033
2320301034
2320301035
2320302064
2320302066
2320302068
2320302069
2320302070
2320302072
2320303048
2320303049
2320303050
2320303051
2320303052
2320303053
2320303054
2320303055
2320303055
2320303056
2320303057
2320304033
2320304034
2320304035
2320304037
2320304039
2320304040
2320304041
2320304042
2320304043
2320304044
2320304045
2320304046
2320304047
2320304048
2320304049
2320304050
2320304051
2320304052
2320306125
2320306126
2320306128
2320306129
2320306130
2320306131
2320306132
2320306133
2320306134
2320306135
2320306136
2320306139
2320306140
2320401101
2320401102
2320401103
2320401104
2320401105
2320401106
2320401107
2320401108
2320401109
2320401110
2320401112
2320401113
2320401114
2320401115
2320401118
2320401119
2320401120
2320402105
2320402113
2320402114
2320402115
2320402117
2320402118
2320402119
2320402120
2320402123
2320402124
2320402125
2320402126
2320402127
2320402128
2320402129
2320402130
2320402131
2320402132
2320405017
2320405018
2320405019
2320405021
2320501089
2320501090
2320501091
2320501092
2320501093
2320501094
2320501095
2320501096
2320501097
2320501098
2320501100
2320501101
2320501102
2320501103
2320501104
2320501105
2320501106
2320501107
2320502099
2320502100
2320502101
2320502102
2320502103
2320502104
2320502105
2320502106
2320502107
2320502108
2320502109
2320502110
2320502111
2320502112
2320502113
2320502114
2320502115
2320502116
2320502117
2320502118
2320502119
2320502120
2320503093
2320503094
2320503096
2320503097
2320503098
2320503099
2320503100
2320503102
2320504084
2320504085
2320504086
2320504087
2320504088
2320504089
2320504090
2320504091
2320504092
2320504093
2320505050
2320506096
2320506097
2320506098
2320506099
2320506100
2320506101
2320506102
2320506103
2320506105
2320507085
2320507086
2320507087
2320507088
2320507089
2320507090
2320507091
2320507092
2320507093
2320507094
2320507095
2320507096
2320507097
2320507098
2320507099
2320601223
2320601224
2320601225
2320601226
2320601227
2320601228
2320601229
2320601230
2320601231
2320601232
2320601233
2320601234
2320601235
2320601236
2320601237
2320601238
2320601239
2320601240
2320601241
2320601242
2320601243
2320601244
2320601245
2320601246
2320601247
2320601248
2320601249
2320601250
2320601251
2320601252
2320701078
2320701079
2320701080
2320701081
2320701082
2320701083
2320701084
2320701085
2320701086
2320701087
2320701088
2320701089
2320701090
2320701091
2320701092
2320701093
2320701094
2320701095
2320703160
2320703161
2320703162
2320703163
2320703164
2320703165
2320703166
2320703167
2320703168
2320703169
2320703170
2320703171
2320703172
2320703173
2320703174
2320703175
2320703176
2320703177
2320703178
2320703179
2320704076
2320801033
2320801034
2320801035
2320801036
2320801037
2320802042
2320802043
2320802044
2320802045
2320802046
2320803056
2320803057
2320803058
2320803059
2320803060
2320804016
2320804017
2320804018
2320804019
2320804020
2320804021
2320804022
2320804024
2320804025
2320805038
2320805081
2320805082
2320805083
2320805085
2320805086
2320805087
2320805088
2320805089
2320805090
2320805091
2320805092
2320805093
2320805094
2320805095
2320805097
2320805098
2320805099
2320805100
2320805101
2320805102
2320806032
2320806033
2320806034
2320806035
2320806037
2320806038
2320806039
2320806040
2320806041
2320806042
2320806043
2320806044
2320806045
2320806046
2320806047
2320806048
2320806049
2320806050
2320806051
2320807074
2320807075
2320807076
2320807077
2320807078
2320807079
2320807080
2320807081
2320807082
2320807083
2320807084
2320807086
2320807088
2320807089
2320807090
2320807091
2320807092
2320807093
2320807094
2320807096
2320807097
2320807098
2320807099
2320807100
2320807101
2320807102
2320807103
2320807104
2320807105
2320807106
2320807107
2320807108
2320807109
2320807110
2320807111
2320807112
2320807113
2320807114
2320807115
2320807116
2320807117
2320807118
2320807119
2320807120
2320807121
2320807122
2320807123
2320808161
2320808162
2320808163
2320808165
2320808166
2320808167
2320808168
2320808169
2320808170
2320808171
2320808172
2320808173
2320808174
2320808175
2320808176
2320808177
2320808178
2320808179
2320808180
2320901085
2320901086
2320901087
2320901088
2320901089
2320901090
2320901091
2320901093
2320901094
2320901095
2320901096
2320901097
2320901098
2320901099
2320901101
2320901103
2320901104
2320901104
2320901105
2320901106
2320901107
2320901109
2320901110
2320901111
2320901112
2320901113
2320901126
2320902013
2320902015
2320902017
2320902018
2320902019
2320902020
2320902021
2320902022
2320903108
2320903110
2320903111
2320903112
2320903113
2320903116
2320903117
2320903118
2320903119
2320903120
2320903121
2320903122
2320903123
2320903124
2320903127
2320904086
2320904087
2320904088
2320904089
2320904090
2320904091
2320904092
2320904093
2320904094
2320904094
2320904095
2320905041
2320905043
2320905045
2320905046
2320905047
2320905048
2320905049
2320905051
2320905052
2320905053
2320905054
2320905055
2320905056
2320905058
2320905059
2320905060
2320905063
2320905064
2320905065
2320905067
2320905068
2320905069
2320905070
2320905071
2320906015
2320906016
2320906017
2320906018
2320906019
2320906020
2320906021
2320906022
2320906024
2320906025
2320906026
2320906027
2320906028
2320906029
2320906030
2320906031
2320906032
2320906034
2321001040
2321001042
2321001044
2321001045
2321001046
2321001049
2321001051
2321001052
2321001054
2321002030
2321002031
2321002033
2321002037
2321002038
2321002039
2321002040
2321002041
2321003046
2321003048
2321003049
2321003050
2321003051
2321003052
2321003053
2321003056
2321003057
2330101159
2330101160
2330101161
2330101162
2330101164
2330101165
2330101166
2330101167
2330101168
2330101169
2330101170
2330101171
2330101172
2330101173
2330101174
2330101175
2330101176
2330101177
2330101179
2330101180
2330102180
2330102181
2330102182
2330102184
2330102185
2330102186
2330102187
2330102188
2330102189
2330102190
2330102191
2330102192
2330102193
2330102194
2330102195
2330102196
2330102198
2330102199
2330102200
2330102201
2330102202
2330102204
2330102205
2330102207
2330102209
2330102211
2330102212
2330102213
2330102214
2330102215
2330102216
2330102217
2330102218
2330102219
2330102220
2330103076
2330103077
2330103078
2330103079
2330103080
2330103081
2330103082
2330103083
2330103084
2330103085
2330103086
2330103087
2330103088
2330103089
2330103090
2330104034
2330104035
2330104036
2330104039
2330104041
2330104042
2330104044
2330104045
2330104047
2330104048
2330104049
2330104050
2330105060
2330105061
2330105062
2330105063
2330105064
2330105065
2330105067
2330105068
2330105069
2330105070
2330105071
2330105072
2330105073
2330105074
2330105075
2330105076
2330105077
2330105078
2330105079
2330105080
2330105081
2330105082
2330105083
2330105084
2330105085
2330105086
2330105087
2330105088
2330105089
2330106072
2330106073
2330106074
2330106075
2330106076
2330106077
2330106078
2330106079
2330106080
2330106081
2330106082
2330106083
2330106084
2330106085
2330106087
2330106090
2330107162
2330107163
2330107164
2330107165
2330107166
2330107167
2330107168
2330107169
2330107170
2330107171
2330107172
2330107173
2330107174
2330107175
2330107176
2330107177
2330107179
2330107180
2330201135
2330201136
2330201137
2330201138
2330201139
2330201140
2330201141
2330201142
2330201144
2330201145
2330201146
2330201147
2330201148
2330201151
2330201152
2330201153
2330201154
2330202145
2330202146
2330202147
2330202148
2330202149
2330202150
2330202151
2330202152
2330202153
2330202154
2330202155
2330203060
2330203061
2330203062
2330203063
2330203064
2330203065
2330203066
2330203067
2330203068
2330203069
2330203071
2330203073
2330203075
2330203076
2330203077
2330203078
2330203079
2330203080
2330203081
2330203083
2330203084
2330203086
2330203087
2330203088
2330203089
2330203090
2330203092
2330203093
2330203094
2330203095
2330203096
2330203097
2330203098
2330203099
2330203100
2330204109
2330204110
2330204111
2330204112
2330204114
2330204116
2330204117
2330204118
2330204119
2330204120
2330204121
2330204122
2330204123
2330204124
2330204125
2330204127
2330205143
2330205144
2330205145
2330205146
2330205147
2330205148
2330205149
2330205150
2330205154
2330205155
2330205157
2330205158
2330205161
2330205162
2330208064
2330301036
2330301038
2330301040
2330301042
2330301046
2330301047
2330301048
2330301048
2330301049
2330301051
2330301052
2330301053
2330301054
2330301056
2330301057
2330301058
2330301059
2330301061
2330301063
2330301064
2330301066
2330301067
2330301068
2330301069
2330301070
2330301075
2330301077
2330302074
2330302075
2330302076
2330302077
2330302079
2330302080
2330302081
2330302082
2330302083
2330302084
2330302086
2330302088
2330302090
2330302091
2330302092
2330302093
2330302094
2330302095
2330302096
2330302097
2330302098
2330302100
2330302101
2330302102
2330302103
2330302104
2330302105
2330302106
2330302109
2330302110
2330304053
2330304054
2330304056
2330304057
2330304058
2330304059
2330304060
2330304061
2330304062
2330304064
2330304065
2330304066
2330304067
2330304068
2330304069
2330305031
2330305033
2330305034
2330305035
2330305036
2330305037
2330305038
2330305039
2330305040
2330305105
2330401121
2330401122
2330401123
2330401125
2330401126
2330401127
2330401128
2330401131
2330401132
2330401133
2330401134
2330401135
2330401137
2330401138
2330401139
2330401140
2330401142
2330401143
2330401144
2330401145
2330401146
2330401147
2330401148
2330401149
2330401150
2330401152
2330401153
2330401154
2330401156
2330401157
2330401158
2330401159
2330401161
2330401162
2330401163
2330401164
2330401165
2330401166
2330401167
2330401168
2330401169
2330401170
2330401172
2330401173
2330402133
2330402134
2330402135
2330402136
2330402137
2330402138
2330402139
2330402140
2330402141
2330402144
2330402145
2330402146
2330402147
2330402148
2330402149
2330402150
2330402151
2330402152
2330402153
2330402154
2330402155
2330402156
2330402157
2330402158
2330402159
2330402160
2330402161
2330402162
2330402163
2330402164
2330402165
2330402166
2330402167
2330402168
2330402169
2330402170
2330402171
2330402172
2330402174
2330402175
2330402177
2330402178
2330402179
2330402181
2330402183
2330402184
2330402185
2330405022
2330405024
2330405027
2330405028
2330405029
2330405030
2330405031
2330405033
2330405034
2330405035
2330405036
2330405038
2330405039
2330405040
2330405041
2330405042
2330405043
2330405044
2330405045
2330405046
2330405047
2330405048
2330405049
2330405050
2330501108
2330501109
2330501110
2330501111
2330501112
2330501113
2330501114
2330501115
2330501116
2330501117
2330501118
2330501119
2330501120
2330501121
2330501122
2330501123
2330501124
2330501125
2330502121
2330502122
2330502123
2330502124
2330502125
2330502127
2330503103
2330503104
2330503106
2330503107
2330503108
2330503109
2330503110
2330503111
2330503112
2330503113
2330503114
2330503115
2330503117
2330503118
2330503119
2330503120
2330503121
2330503122
2330503123
2330503124
2330504094
2330504097
2330504098
2330504099
2330504100
2330504101
2330504102
2330504103
2330504104
2330504105
2330504106
2330504107
2330504108
2330504109
2330504110
2330504111
2330504112
2330504113
2330504114
2330504115
2330504116
2330504117
2330504118
2330504119
2330504120
2330504121
2330504122
2330504124
2330504125
2330507100
2330507101
2330507102
2330507103
2330507104
2330507105
2330507106
2330507108
2330507110
2330507112
2330507114
2330507115
2330507116
2330507117
2330507119
2330507120
2330507122
2330507123
2330601253
2330601254
2330601255
2330601256
2330601257
2330601258
2330601259
2330601260
2330601261
2330601262
2330601263
2330601264
2330603139
2330603140
2330603144
2330603146
2330603148
2330603149
2330603150
2330603152
2330603154
2330603155
2330603156
2330603157
2330603158
2330603159
2330603160
2330603161
2330603162
2330603163
2330603165
2330603166
2330603169
2330603170
2330603171
2330603172
2330603173
2330603174
2330603175
2330603176
2330603177
2330603178
2330603179
2330701096
2330701097
2330701099
2330701100
2330701101
2330701102
2330701103
2330701104
2330701105
2330701106
2330701107
2330701108
2330701110
2330701112
2330701113
2330701114
2330701115
2330701116
2330701117
2330701118
2330701119
2330701120
2330701121
2330701122
2330701123
2330701124
2330701125
2330701126
2330701127
2330701129
2330701130
2330701131
2330701132
2330701133
2330701134
2330701135
2330701136
2330701137
2330701138
2330701139
2330701141
2330702124
2330702125
2330702126
2330702127
2330702128
2330702129
2330702130
2330702131
2330702132
2330702133
2330702134
2330702135
2330702136
2330702137
2330702139
2330702140
2330702141
2330702142
2330702143
2330702144
2330702145
2330702146
2330702147
2330702148
2330702149
2330702150
2330702151
2330702152
2330702153
2330702155
2330702156
2330702157
2330702158
2330702159
2330702160
2330703180
2330703181
2330703182
2330703183
2330703184
2330703185
2330703186
2330703187
2330703188
2330703189
2330703190
2330703191
2330703192
2330703193
2330703194
2330703195
2330703197
2330703198
2330703199
2330703200
2330703201
2330703202
2330703203
2330703204
2330703205
2330703206
2330703207
2330703209
2330703210
2330783196
2330801038
2330801040
2330801041
2330801042
2330801043
2330801044
2330801045
2330801047
2330801048
2330801049
2330801050
2330801051
2330801052
2330801053
2330801054
2330801055
2330801056
2330801057
2330801058
2330801059
2330801060
2330802050
2330802051
2330802053
2330802054
2330802055
2330802057
2330802058
2330802060
2330802061
2330802062
2330802063
2330802065
2330802066
2330802067
2330802068
2330802069
2330802070
2330803061
2330803062
2330803063
2330803064
2330803065
2330803066
2330803067
2330803068
2330803069
2330803070
2330803071
2330803072
2330803073
2330803074
2330803075
2330803077
2330803078
2330803079
2330804026
2330804027
2330804028
2330804029
2330804030
2330804031
2330804032
2330804033
2330804034
2330804037
2330804038
2330804039
2330804040
2330804041
2330804043
2330804044
2330804045
2330804046
2330804047
2330804049
2330804050
2330804051
2330804052
2330804053
2330804055
2330804056
2330804057
2330804058
2330804059
2330804060
2330806052
2330806053
2330806054
2330806055
2330806056
2330806057
2330806058
2330806059
2330806060
2330806061
2330806062
2330806063
2330806064
2330806065
2330806066
2330806067
2330806068
2330806069
2330806071
2330806072
2330807124
2330807125
2330807126
2330807127
2330807128
2330807129
2330807130
2330807131
2330807133
2330807134
2330807135
2330807136
2330807137
2330807138
2330807139
2330807140
2330807141
2330807142
2330807143
2330807144
2330807145
2330807146
2330807147
2330807148
2330807149
2330807150
2330807151
2330807152
2330807153
2330807154
2330807156
2330807157
2330807158
2330807159
2330807160
2330807161
2330807162
2330807163
2330807164
2330807165
2330807166
2330807168
2330807170
2330807171
2330807172
2330807173
2330807174
2330807175
2330901115
2330901116
2330901117
2330901118
2330901119
2330901121
2330901122
2330901123
2330901124
2330901125
2330901127
2330901129
2330901130
2330901132
2330901133
2330901134
2330901135
2330901136
2330901137
2330901138
2330901139
2330901140
2330901141
2330901142
2330901143
2330901145
2330901146
2330901147
2330901148
2330901149
2330901150
2330902023
2330902024
2330902025
2330902030
2330902031
2330902032
2330902033
2330902034
2330902035
2330902036
2330902037
2330902038
2330902039
2330902040
2330902041
2330902042
2330902044
2330902045
2330902047
2330902048
2330902049
2330902050
2330903128
2330903130
2330903131
2330903133
2330903134
2330903135
2330903137
2330903138
2330903140
2330903142
2330903143
2330903145
2330903146
2330903147
2330903148
2330903149
2330904096
2330904097
2330904098
2330904099
2330904100
2330904101
2330904102
2330904103
2330904104
2330904105
2330904106
2330904107
2330904108
2330904109
2330904110
2330904111
2330904112
2330904113
2330904114
2330904115
2330904116
2330904118
2330904119
2330904120
2330905073
2330905074
2330905075
2330905076
2330905077
2330905078
2330905079
2330905080
2330905081
2330905082
2330905083
2330905084
2330905085
2330905087
2330905089
2330905090
2330905091
2330905092
2330905094
2330905095
2330905096
2330905098
2330905099
2330905100
2330906035
2330906036
2330906037
2330906038
2330906039
2330906040
2330906041
2330906042
2330906043
2330906044
2330906045
2330906046
2330906047
2330906048
2330906049
2330907092
2330907093
2330907094
2330907095
2330907097
2330907098
2330908093
2330908094
2330908095
2330908096
2330908096
2330908097
2330908098
2330908099
2330908100
2331001060
2331001061
2331001062
2331001064
2331001067
2331001068
2331001073
2331001074
2331002043
2331002048
2331002049
2331002050
2331002051
2331002052
2331002054
2331002056
2331002058
2331002059
2331002060
2331003045
2331003058
2331003059
2331003060
2331003061
2331003063
2331003066
2331003067
2331003068
2331003069
2331003070
2331003071
2331003072
2331003073
2331003074
2331003075
2331003076
2331003077
2331003078
2331003079
2331003080
2331003605
2331004051
2331004053
2331004055
2331101021
2331101022
2331101023
2331101025
2331101026
2331101028
2331101029
2331101030
2331101031
2331101032
2331101035
2331101036
2331101037
2331101038
2331101039
2331101040
2331101041
2331101042
2331101043
2331101044
2331101045
2331101047
2331101049
2331101050
2331102066
2331102089
2331102090
2331102091
2331102093
2331102094
2331102095
2331102098
2331102099
2331102101
2331102102
2331102103
2331102105
2331102106
2331102107
2331102109
2331102111
2331102112
2331102115
2331102116
2331102117
2331102118
2331102119
2331102120
2331102122
2331102123
2331102124
2331102125
2331102127
2331102128
2331102129
2331102130
2331102132
2331102134
2331102136
2331102137
2331102138
2331102139
2331102140
2331102141
2331102142
2331102143
2331102144
2331102145
2331102146
2331102147
2331102148
2331102149
2331102150
2331102151
2331102153
2331102154
2331102157
2331102158
2331102159
2331102160
2331102162
2331102163
2331102164
2331102165
2331102166
2331102167
2331102168
2331102172
2331102173
2331102175
2331102176
2331102177
2331102178
2331102179
2331102180
2331102181
2331102182
2331102184
2331102185
2331102186
2331102187
2331102188
2331102189
2331102190
2331102191
2331102192
2331102193
2331102194
2331102195
2331102196
2331102197
2331102200
2331103071
2331103072
2331103074
2331103075
2331103077
2331103078
2331103079
2331103080
2331103081
2331103083
2331103085
2331103085
2331103086
2331103087
2331103088
2331103089
2331103090
2331103091
2331103092
2331103093
2331103094
2331103095
2331103096
2331103097
2331103098
2331103099
2331103100
2331103101
2331103102
2331103103
2331103104
2331103105
2331103106
2331103108
2331103109
2331103110
2331103111
2331103112
2331103113
2331103114
2331103117
2331103118
2331103119
2331103120
2331103121
2331103122
2331103126
2331103127
2331103128
2331103131
2331103132
2331103133
2331103134
2331103135
2331103136
2331103137
2331103138
2331103139
2331103140
2331103141
2331103142
2331103143
2331103144
2331103145
2331103146
2331103147
2331103148
2331103149
2331103150
2331103151
2331103152
2331103153
2331103154
2331103155
2331103156
2331103157
2331103158
2331103159
2331103160
2331103161
2331103163
2331103164
2331103165
2331103166
2331103167
2331103168
2331103169
2331103170
2331103171
2331103172
2331103173
2331103174
2331103176
2331103177
2331103179
2331103180
2331103181
2331103182
2331103184
2331103185
2331103186
2331103187
2331103188
2331103190
2331103192
2331103193
2331103194
2331103195
2331103196
2331103197
2331103198
2331103200
2331104059
2331104062
2331104063
2331104064
2331104065
2331104066
2331104067
2331104068
2331104069
2331104071
2331104072
2331104074
2331104075
2331104076
2331104078
2331104080
2331104082
2331104083
2331104084
2331104085
2331104087
2331104088
2331104089
2331104091
2331104092
2331104094
2331104095
2331104096
2331104097
2331104098
2331104099
2331104100
2331104101
2331104102
2331104103
2331104105
2331104106
2331104107
2331104109
2331104110
2331104111
2331104112
2331104113
2331104114
2331104115
2331104116
2331104117
2331104118
2331104119
2331104120
2331104121
2331104122
2331104123
2331104124
2331104125
2331104126
2331104127
2331104128
2331104129
2331104130
2331104131
2331104132
2331104133
2331104134
2331104135
2331104136
2331104137
2331104138
2331104139
2331104140
2331104142
2331104144
2331104145
2331104146
2331104147
2331104148
2331104149
2331104150
2331104151
2331104152
2331104153
2331104154
2331104155
2331104156
2331104157
2331104158
2331104161
2331104162
2331104163
2331104164
2331104165
2331104166
2331104167
2331104170
2331104171
2331104172
2331104174
2331104175
2331104176
2331104177
2331104178
2331104179
2331104182
2331104183
2331104184
2331104185
2331104187
2331104188
2331104189
2331104190
2331104191
2331104192
2331104194
2331104197
2331104198
2331104199
2331104200
2331105011
2331105012
2331105013
2331105014
2331105015
2331105016
2331105017
2331105018
2331105020
2331105021
2331105022
2331105023
2331105024
2331105025
2331105026
2331105028
2331105029
2331105030
2331105057
2331106022
2331106023
2331106024
2331106025
2331106026
2331106027
2331106029
2331106030
2331106031
2331106033
2331106034
2331106035
2331106036
2331106037
2331106038
2331106039
2331106040
2331106041
2331106042
2331106044
2331106045
2331106046
2331106047
2331106048
2331106050
2331106051
2331106052
2331106053
2331106054
2331106055
2331106056
2331106058
2331106059
2331106060
2338205159
2341106093
2356306028
2360905097
2410101136
2410104043
2410104044
2410104048
2410104049
2410104050
2410104051
2410104052
2410104053
2410104055
2410104060
2410104061
2410104064
2410104065
2410104066
2410104067
2410104069
2410104070
2410104071
2410104073
2410104075
2410104076
2410104081
2410104083
2410104084
2410104085
2410104086
2410104087
2410104091
2410104092
2410104093
2410104096
2410205046
2410205048
2410205049
2410205050
2410205051
2410205052
2410205053
2410205054
2410205056
2410205057
2410205058
2410205060
2410205067
2410205068
2410205072
2410205073
2410205074
2410205075
2410205076
2410205080
2410205082
2410205084
2410205086
2410205089
2410205093
2410205094
2410205095
2410205096
2410205100
2410205103
2410205104
2410205105
2410205106
2410205107
2410205109
2410205112
2410205114
2410205115
2410205116
2410205119
2410205124
2410205125
2410205126
2410205127
2410205128
2410205130
2410205131
2410205132
2410205133
2410205134
2410205141
2410205143
2410205144
2410205147
2410205150
2410205151
2410205152
2410205153
2410205155
2410205158
2410205161
2410205163
2410205166
2410205168
2410205171
2410205172
2410205173
2410205175
2410205176
2410205177
2410205178
2410205179
2410205181
2410205182
2410205183
2410205185
2410205187
2410205190
2410205191
2410205192
2410205196
2410205197
2410205198
2410205199
2410205203
2410205204
2410205205
2410205208
2410205209
2410205214
2410205215
2410205219
2410205221
2410205222
2410205223
2410205224
2410205225
2410205226
2410205227
2410205228
2410703137
2410703156
2412025211
2420205016
2420205018
2420205020
2420205026
2420205028
2420205029
2420205030
2420205033
2420205035
2420205036
2420205038
2420205039
2420205040
2420205043
2430105005
2430105033
2430205002
2430205003
2430205004
2430205006
2430205009
2430205011
2430205012
2430405009
2430502058
2430902012
2450502001
2450502002
2450502003
2450502005
2450502007
2450502008
2450502009
2450502010
2450502011
2450502016
2450502017
2450502018
2450502019
2450502020
2450502021
2450502022
2450502024
2450502025
2450502027
2450502028
2450502029
2450502030
2450502031
2450502032
2450502033
2450502034
2450502035
2450502036
2450502038
2450502040
2450701003
2450701004
2450701006
2450701007
2450701008
2450701009
2450701011
2450701012
2450701013
2450701014
2450701015
2450701016
2450701017
2450701018
2450701019
2450701020
2450701021
2450701022
2520200280
3210102003
4152230204
4228137141
